Processing OUTCAR
Found complete differences for atom 65 in direction 0
Found complete differences for atom 65 in direction 1
Found complete differences for atom 65 in direction 2
Found complete differences for atom 66 in direction 0
Found complete differences for atom 66 in direction 1
Found complete differences for atom 66 in direction 2
Real Frequency: 47.36895877 terahertz   1580.05838622 cm^-1
Real Frequency: 12.68097905 terahertz   422.99193016 cm^-1
Real Frequency: 9.70147543 terahertz   323.60638729 cm^-1
Real Frequency: 6.12154919 terahertz   204.19290151 cm^-1
Real Frequency: 4.43252105 terahertz   147.85298742 cm^-1
Imaginary Frequency: 2.23237780 terahertz   74.46410819 cm^-1
  0.000000   0.000000   0.000000 
  0.000000   0.000000   0.000000 
  0.000000   0.000000   0.000000 
  0.000000   0.000000   0.000000 
  0.000000   0.000000   0.000000 
  0.000000   0.000000   0.000000 
  0.000000   0.000000   0.000000 
  0.000000   0.000000   0.000000 
  0.000000   0.000000   0.000000 
  0.000000   0.000000   0.000000 
  0.000000   0.000000   0.000000 
  0.000000   0.000000   0.000000 
  0.000000   0.000000   0.000000 
  0.000000   0.000000   0.000000 
  0.000000   0.000000   0.000000 
  0.000000   0.000000   0.000000 
  0.000000   0.000000   0.000000 
  0.000000   0.000000   0.000000 
  0.000000   0.000000   0.000000 
  0.000000   0.000000   0.000000 
  0.000000   0.000000   0.000000 
  0.000000   0.000000   0.000000 
  0.000000   0.000000   0.000000 
  0.000000   0.000000   0.000000 
  0.000000   0.000000   0.000000 
  0.000000   0.000000   0.000000 
  0.000000   0.000000   0.000000 
  0.000000   0.000000   0.000000 
  0.000000   0.000000   0.000000 
  0.000000   0.000000   0.000000 
  0.000000   0.000000   0.000000 
  0.000000   0.000000   0.000000 
  0.000000   0.000000   0.000000 
  0.000000   0.000000   0.000000 
  0.000000   0.000000   0.000000 
  0.000000   0.000000   0.000000 
  0.000000   0.000000   0.000000 
  0.000000   0.000000   0.000000 
  0.000000   0.000000   0.000000 
  0.000000   0.000000   0.000000 
  0.000000   0.000000   0.000000 
  0.000000   0.000000   0.000000 
  0.000000   0.000000   0.000000 
  0.000000   0.000000   0.000000 
  0.000000   0.000000   0.000000 
  0.000000   0.000000   0.000000 
  0.000000   0.000000   0.000000 
  0.000000   0.000000   0.000000 
  0.000000   0.000000   0.000000 
  0.000000   0.000000   0.000000 
  0.000000   0.000000   0.000000 
  0.000000   0.000000   0.000000 
  0.000000   0.000000   0.000000 
  0.000000   0.000000   0.000000 
  0.000000   0.000000   0.000000 
  0.000000   0.000000   0.000000 
  0.000000   0.000000   0.000000 
  0.000000   0.000000   0.000000 
  0.000000   0.000000   0.000000 
  0.000000   0.000000   0.000000 
  0.000000   0.000000   0.000000 
  0.000000   0.000000   0.000000 
  0.000000   0.000000   0.000000 
  0.000000   0.000000   0.000000 
 -0.673571   0.001751  -0.262069 
 -0.639726   0.008962  -0.261321 
ZPE = 0.16605703 eV = 3.82935810 kcal/mol
EVIB (eV) for Temp (180.00 K, 273.15 K, 298.15 K)
0.01937674
0.04395716
0.05126552
TSVIB (eV) for Temp (180.00 K, 273.15 K, 298.15 K)
0.03018368
0.07564900
0.09020384
