Processing OUTCAR
Found complete differences for atom 65 in direction 0
Found complete differences for atom 65 in direction 1
Found complete differences for atom 65 in direction 2
Found complete differences for atom 66 in direction 0
Found complete differences for atom 66 in direction 1
Found complete differences for atom 66 in direction 2
Real Frequency: 47.09168491 terahertz   1570.80952591 cm^-1
Real Frequency: 10.50571207 terahertz   350.43283404 cm^-1
Real Frequency: 8.88558415 terahertz   296.39118348 cm^-1
Real Frequency: 4.99215606 terahertz   166.52040185 cm^-1
Real Frequency: 4.28795308 terahertz   143.03071893 cm^-1
Imaginary Frequency: 0.45122577 terahertz   15.05127144 cm^-1
  0.000000   0.000000   0.000000 
  0.000000   0.000000   0.000000 
  0.000000   0.000000   0.000000 
  0.000000   0.000000   0.000000 
  0.000000   0.000000   0.000000 
  0.000000   0.000000   0.000000 
  0.000000   0.000000   0.000000 
  0.000000   0.000000   0.000000 
  0.000000   0.000000   0.000000 
  0.000000   0.000000   0.000000 
  0.000000   0.000000   0.000000 
  0.000000   0.000000   0.000000 
  0.000000   0.000000   0.000000 
  0.000000   0.000000   0.000000 
  0.000000   0.000000   0.000000 
  0.000000   0.000000   0.000000 
  0.000000   0.000000   0.000000 
  0.000000   0.000000   0.000000 
  0.000000   0.000000   0.000000 
  0.000000   0.000000   0.000000 
  0.000000   0.000000   0.000000 
  0.000000   0.000000   0.000000 
  0.000000   0.000000   0.000000 
  0.000000   0.000000   0.000000 
  0.000000   0.000000   0.000000 
  0.000000   0.000000   0.000000 
  0.000000   0.000000   0.000000 
  0.000000   0.000000   0.000000 
  0.000000   0.000000   0.000000 
  0.000000   0.000000   0.000000 
  0.000000   0.000000   0.000000 
  0.000000   0.000000   0.000000 
  0.000000   0.000000   0.000000 
  0.000000   0.000000   0.000000 
  0.000000   0.000000   0.000000 
  0.000000   0.000000   0.000000 
  0.000000   0.000000   0.000000 
  0.000000   0.000000   0.000000 
  0.000000   0.000000   0.000000 
  0.000000   0.000000   0.000000 
  0.000000   0.000000   0.000000 
  0.000000   0.000000   0.000000 
  0.000000   0.000000   0.000000 
  0.000000   0.000000   0.000000 
  0.000000   0.000000   0.000000 
  0.000000   0.000000   0.000000 
  0.000000   0.000000   0.000000 
  0.000000   0.000000   0.000000 
  0.000000   0.000000   0.000000 
  0.000000   0.000000   0.000000 
  0.000000   0.000000   0.000000 
  0.000000   0.000000   0.000000 
  0.000000   0.000000   0.000000 
  0.000000   0.000000   0.000000 
  0.000000   0.000000   0.000000 
  0.000000   0.000000   0.000000 
  0.000000   0.000000   0.000000 
  0.000000   0.000000   0.000000 
  0.000000   0.000000   0.000000 
  0.000000   0.000000   0.000000 
  0.000000   0.000000   0.000000 
  0.000000   0.000000   0.000000 
  0.000000   0.000000   0.000000 
  0.000000   0.000000   0.000000 
 -0.615751   0.007940  -0.125349 
 -0.768153   0.001519  -0.122527 
ZPE = 0.15666419 eV = 3.61275458 kcal/mol
EVIB (eV) for Temp (180.00 K, 273.15 K, 298.15 K)
0.02231657
0.04843950
0.05605146
TSVIB (eV) for Temp (180.00 K, 273.15 K, 298.15 K)
0.03552528
0.08567242
0.10146201
